$ 1 0.000005 10.20027730826997 54 5 50 5e-11
R 208 96 128 96 0 0 40 6 0 0 0.5
t 144 176 208 176 0 1 -1.0413533544950075 0.6143525218482333 100 default
L 80 176 32 176 0 1 false 5 0
g 208 400 208 448 0 0
w 208 96 368 96 0
r 80 176 144 176 0 2000
M 416 416 480 416 0 2.5
L 80 224 32 224 0 1 false 5 0
L 80 400 32 400 0 0 false 5 0
r 80 224 144 224 0 2000
t 144 224 208 224 0 1 0.5168126594512561 0.6157631519364211 100 default
w 208 192 208 208 0
w 208 96 208 160 0
r 208 304 208 384 0 2000
w 208 240 208 272 0
w 208 304 208 272 0
w 208 384 208 400 0
t 272 272 336 272 0 1 -1.8248949913804209 0.6280543709876096 100 default
r 384 544 384 448 0 1000
r 80 400 176 400 0 2000
w 176 400 256 400 0
w 320 384 320 352 0
t 256 400 320 400 0 1 -5.999999987727059 -3.5470506253590286 100 default
g 384 544 384 592 0 0
r 208 272 272 272 0 2000
w 336 304 384 304 0
w 384 304 384 416 0
w 320 352 368 352 0
w 368 352 368 128 0
w 336 288 336 304 0
w 384 448 384 416 0
w 320 416 384 416 0
w 384 416 416 416 0
w 368 96 368 128 0
w 336 256 208 96 0
