$ 1 0.000005 10.20027730826997 54 5 50 5e-11
R 48 96 -176 96 0 0 40 6 0 0 0.5
t -64 176 0 176 0 1 -1.0410226137321565 0.6141448240080036 100 default
L -128 176 -176 176 0 1 false 5 0
g 176 560 176 608 0 0
r -128 176 -64 176 0 2000
M 416 416 480 416 0 2.5
L -128 224 -176 224 0 1 false 5 0
r -128 224 -64 224 0 2000
t -64 224 0 224 0 1 0.5167696480435966 0.6155626577209379 100 default
w 208 96 208 160 0
t 272 272 336 272 0 1 -1.789602904250632 0.6105085701237125 100 default
r 384 560 384 464 0 1000
w 336 384 336 352 0
t 272 400 336 400 0 1 -1.78960290425064 0.6105085701237045 100 default
g 384 560 384 608 0 0
r 176 272 272 272 0 2000
w 336 304 384 304 0
w 384 304 384 416 0
w 336 352 368 352 0
w 368 352 368 128 0
w 336 288 336 304 0
w 384 464 384 416 0
w 336 416 384 416 0
w 384 416 416 416 0
w 368 96 368 128 0
w 336 256 336 96 0
t -64 432 0 432 0 1 0.5167696480436081 0.6155626577209379 100 default
r -128 432 -64 432 0 2000
L -128 432 -176 432 0 1 false 5 0
r -128 384 -64 384 0 2000
L -128 384 -176 384 0 1 false 5 0
t -64 384 0 384 0 1 -1.0410226137321787 0.6141448240080036 100 default
w 0 160 208 160 0
w 0 192 0 208 0
w 0 240 176 240 0
w 0 416 0 400 0
r 128 480 128 560 0 2000
g 128 560 128 608 0 0
w 128 448 0 448 0
w 0 368 48 368 0
w 48 368 48 96 0
w 128 448 128 480 0
w 128 400 128 448 0
w 48 96 208 96 0
w 208 96 336 96 0
w 336 96 368 96 0
w 176 240 176 272 0
w 176 480 176 272 0
w 176 400 128 400 0
r 176 480 176 560 0 2000
r 176 400 272 400 0 2000
